-1.0285579409799894 -0.9618746799376644 5.404847517148613
-1.0280325844735547 -0.9626307399694365 5.422168844210878
-1.020538495810357 -0.9713534587503518 5.41025771044256
-0.9995720721544721 -0.996146949139601 5.3983971482118935
-0.9715013897411195 -1.0300400880510439 5.400873945525737
-0.9421744577928131 -1.0657728182775577 5.407407413335187
-0.912379557804623 -1.1017436167021102 5.416275545475443
-0.8778566140335404 -1.1427757682702069 5.428177470721199
-0.8475394295387896 -1.1780638052354555 5.4451340679988105
-0.8164468321340193 -1.2132192617686424 5.478598699598071
-0.786251977682375 -1.245679429907227 5.524986435916684
-0.7554337016392417 -1.2762513914666829 5.576580456930971
-0.7220337869891336 -1.306286800782339 5.630612462296414
-0.6878026717888982 -1.3339355164894175 5.678862258794908
-0.6515402868127775 -1.3602845878747616 5.720620326784032
-0.6135613272854823 -1.3853532580328043 5.759800935001365
-0.5754360420783733 -1.4083643623459299 5.798687179786564
-0.5364097992692474 -1.4298860828482358 5.84092589981785
-0.48713764393150155 -1.454511307669977 5.897732805476519
-0.4412328980634803 -1.4746691866045787 5.949344515592622
-0.39905913520636915 -1.4905264998935874 5.993675232943161
-0.3529707297440581 -1.505374084294422 6.038702401380968
-0.31022133559587484 -1.5170681136084625 6.080543155150223
-0.26588696491504615 -1.5271483981927083 6.124801896411114
-0.22307872552885424 -1.5349620186808957 6.166762245519586
-0.1797582038815877 -1.540951601170774 6.209886335800666
-0.13212772192448852 -1.5454822679803035 6.256983954806546
-0.08754907341579427 -1.5477003614951492 6.298757601153177
-0.04356134442161023 -1.5479362810286306 6.339183325019043
0.0007522938081019268 -1.5463503578752122 6.380995779561909
0.04396736233392237 -1.5430206342628476 6.422056615295065
0.08901074385926816 -1.5376648620470117 6.4663159391224445
0.13288857459989897 -1.5305385183209665 6.509350242932309
0.17666109572368593 -1.5214493767295203 6.5497570206767595
0.22124310156180452 -1.5102369164800025 6.588828263687215
0.2638726458825654 -1.497698063048429 6.62740818653909
0.3101109266629639 -1.4821233663864266 6.671823429520651
0.3526763059092856 -1.4657890098874187 6.712780971978557
0.39322864797617085 -1.4482030993044221 6.752227915030249
0.4331782703212415 -1.4289393317676988 6.7909248262363064
0.4722873873997209 -1.4081580614761995 6.827653191258073
0.5103933389817954 -1.3860279639643511 6.863124075922392
0.5481400149025871 -1.362245607474012 6.896422206841616
0.5855803808262477 -1.3368186473355876 6.929067467678165
0.6220505524202096 -1.3102517802194267 6.962075465127568
0.6568600687808782 -1.2831018089721942 6.9929417752490854
0.6906104092796315 -1.2550169933457085 7.011135116959594
0.721366255470076 -1.2281294019623519 6.995021200783518
0.7507373148894055 -1.2023489218123058 6.948461161422644
0.7757807782695826 -1.181678717325837 6.924293035813143
0.7997214351134979 -1.1633280897892309 6.959031330407688
0.8204030709570079 -1.1473546055651833 7.017851801929663
0.838372279826236 -1.132095895746307 7.026217829016821
0.8599014356408731 -1.1124965732591867 6.932491788995653
0.8731859531689787 -1.1013006334985487 6.8741485164853815
0.8847840297684563 -1.0929682774206657 6.919672200250831
0.8955546338782427 -1.0853857482839524 7.034746565070585
0.9054833539643644 -1.0771317213730263 7.07665672183923
0.9141986967115905 -1.0686486312132661 6.9829363380090586
0.9219126570300423 -1.0614100995332614 6.846845528045497
0.9289580662785226 -1.0562675702278133 6.820121798705231
0.936138129787923 -1.0518532223211496 6.948149341915291
0.9424217996025368 -1.0475869830570814 7.1229381318296126
0.9482393580000972 -1.0419878870619568 7.134165035431575
0.9540113783494133 -1.0354858011564794 6.94116379986277
0.958668488593524 -1.030843689589437 6.7205692170369495
0.9619994566290546 -1.0287781737137545 6.757213613043494
