-0.9675155004253893 1.033564480180168 3.927659521643194
-0.9683073519191823 1.0329361986095034 3.970921153753775
-0.9778623981723839 1.0225024735831207 3.959733099127701
-1.0005344506312925 0.9980984938581042 3.951175415874733
-1.0321670634947364 0.9646232356142727 3.955858597437837
-1.0642016265383365 0.9308413376652793 3.9638110550139793
-1.0960926446312371 0.8967832928080378 3.973270627719128
-1.1287177912658144 0.861327303032265 3.9839765783884693
-1.1599687442541435 0.8266706179694729 3.994339970429693
-1.1913189917686988 0.7911579280969863 4.004700035751465
-1.2220447047914391 0.7556175434852261 4.014963575631764
-1.2528057982373928 0.7192889842256556 4.028951672796691
-1.2812122538133104 0.6849090485418178 4.055057295650268
-1.3084768185713533 0.6505360031510694 4.097970296936301
-1.334010754812707 0.6159582004348154 4.152073873772486
-1.3580464975167905 0.5798459909686469 4.209783431251026
-1.3846040571377243 0.5346435042776139 4.2708942851658085
-1.4052024508903422 0.4942774287090912 4.312331618791488
-1.424024054953307 0.45221090879592574 4.3479265895882415
-1.4403565530591014 0.41159422315775407 4.382062884070686
-1.4553461499164295 0.37020895518310776 4.42169876561552
-1.4693049087892847 0.32672249160436195 4.470286728455612
-1.4807220327064827 0.28488346933854725 4.5191367514160525
-1.4901739789856194 0.2421161432110837 4.564549141149942
-1.497798076451366 0.19783235397892462 4.605481336669541
-1.503474516052826 0.153508398637698 4.644515863162258
-1.5073205650047217 0.10963058533929682 4.6838463686499034
-1.5094416976779377 0.06571744990365587 4.7259502600227075
-1.5097680450155686 0.02218698065851292 4.770409047201251
-1.508147457941343 -0.023007432127588892 4.816020296005974
-1.5034464167396917 -0.08101944119080924 4.870587282505079
-1.4969260904647865 -0.13054349586726108 4.916310290864947
-1.488937389665767 -0.17417890173417006 4.9570561614965145
-1.4791411365309466 -0.21711874485301896 4.997006519581496
-1.4676282785648498 -0.25959402534998416 5.036975209974657
-1.4540312814718932 -0.30284256276830723 5.075973126930029
-1.4391680945452807 -0.3443189872894506 5.112448768253833
-1.4219065912811524 -0.3873119282631085 5.1526249979585055
-1.4035655591170402 -0.4283650012954376 5.191494881099073
-1.38418339712462 -0.46752001789556563 5.227134015202105
-1.3621992801787295 -0.5080554061224657 5.2653974704604565
-1.3396041902169917 -0.5462766054675542 5.3015323792372815
-1.3152432445215716 -0.58418713619348 5.336128614464012
-1.2890475206831875 -0.621952586452087 5.369186352234608
-1.2625813680943805 -0.6574872486192639 5.391799344672291
-1.23017131868944 -0.6985824321421373 5.392556427955663
-1.2052873571844012 -0.7293688603955027 5.368285130880269
-1.183661816674252 -0.7567298732343258 5.339914941538213
-1.1652927294973339 -0.7812651195055231 5.338824443537366
-1.1494830773967166 -0.8030851307731297 5.37063223618324
-1.1349290683441042 -0.8225674828388524 5.400174916316954
-1.1212054122733588 -0.8398108949307546 5.388965553262353
-1.1087050655762294 -0.8551882613031209 5.340796721060015
-1.0985647778874634 -0.8684000657851635 5.309026819068157
-1.0901475696768057 -0.8803519447482705 5.338297461306392
-1.0826042129803246 -0.8911215328207865 5.400682705894965
-1.0748908308364014 -0.9011376673246775 5.419042296722708
-1.067312311448705 -0.9101914479717385 5.3611237723799565
-1.0613609224583163 -0.9175224779447374 5.28950115388902
-1.056589806738313 -0.9242939928193877 5.28999125568923
-1.051769905656574 -0.9316931793073254 5.376000468801842
-1.0473366798534895 -0.9379276478461372 5.440678682378431
-1.042266285373407 -0.9439693173757796 5.420614608721058
-1.037325939900644 -0.9496079092031235 5.332842329892737
-1.0338819983283976 -0.953932187082034 5.270729157888829
-1.030687546254417 -0.9586626600218403 5.319657508237658
-1.0285579409799894 -0.9618746799376644 5.404847517148613
