0.0 0.0 0.0
0.0 0.0 0.0
0.008563293076968908 0.0 0.04386281106873614
0.03135970651461582 0.0006518294926558462 0.16564420455421003
0.06411144188507477 0.004293217632819128 0.30909599101417057
0.10211259983179258 0.013739474192107963 0.3927622919785132
0.14448009971336873 0.029317632235674535 0.4220158258278008
0.18715634887965527 0.04773884499384704 0.4327414137542561
0.24105020092601864 0.07228510325263314 0.4433556136441041
0.29335524406332764 0.09677829955524349 0.46639227861972793
0.33294537280808595 0.11612740818314664 0.5091563727336766
0.37090721296634044 0.13625356833498803 0.5737216128984014
0.40845147302124524 0.1588447626184207 0.6414180210979582
0.4440367060781227 0.18362495992250388 0.6903584718823575
0.478984515739517 0.21109988543040822 0.7201666858215094
0.5137880307327526 0.2407287236272399 0.7418071311712482
0.547900541483316 0.2713097186003841 0.7711687761206455
0.5798241607505727 0.3014277874989363 0.8140728286558101
0.6098876289901239 0.33192599127122346 0.8623889336664292
0.640391122693516 0.3658474114619106 0.9101897136015087
0.6687123832858642 0.40056248953352674 0.9482490968781667
0.6959070855537234 0.4369731970509704 0.9786737400421267
0.7234012755247786 0.47653403488320323 1.0100085255069848
0.7511317407764864 0.519184212639956 1.0476582236670902
0.7745561130795487 0.5580852577132023 1.0846127685391818
0.7961106549016795 0.5971096531806847 1.1206027503970533
0.8158489493588983 0.6361135561195848 1.1404487866299893
0.8337647908086394 0.674101238603964 1.1246669545365682
0.84948388951012 0.7076840217397428 1.0834148622252524
0.8643936777235902 0.7373749635994231 1.0568529206021302
0.8781896832877213 0.7626378775900948 1.0796429015054592
0.890833773625788 0.7856163973861539 1.1336193316167205
0.9015413356389499 0.8069390714369771 1.1553260449637328
0.9106662814430717 0.8269880375741776 1.1069377581115736
0.9184791200062454 0.843683368557459 1.0369386343218454
0.9258652850798971 0.8573253178404023 1.0305998753266052
0.9335436869477591 0.8702254014860402 1.1133434227495893
0.9398484411603673 0.8817862808290761 1.1869197089415042
0.9460516684308489 0.8956178001703083 1.1518530470384998
0.9504694113544068 0.9060781634784113 1.0424816522455547
0.9544649915120715 0.914020503490986 0.982974555679351
0.9588084090385987 0.9209554522351321 1.0454876789081986
0.9631278278395932 0.9278873942551695 1.1657617139107554
0.9678138142777606 0.937146772682657 1.2284531792779256
0.9707668755433311 0.9446947821930867 1.1213181137109602
0.9732217156239985 0.950717384061836 0.9783509590166863
0.9758212317244995 0.9552731912377018 0.9497449573522225
0.9785284082051267 0.9591861870366805 1.0767072173630696
