0.9785284082051267 0.9591861870366805 1.0767072173630696
0.9790580379211674 0.9599264129326955 1.1173898583464033
0.982836218857532 0.9676802917176535 1.1490816183119388
0.9928333269011317 0.9893219317493369 1.2533699361902626
1.0063282419540691 1.02438265153761 1.4328148172667636
1.0139472457008818 1.057461949823713 1.591346909254748
1.0159299976928013 1.0915679260005688 1.7436324839716537
1.0123783389744676 1.1278812510056944 1.8969513502490578
1.0029013222076204 1.1648487805610686 2.037767999412431
0.9880608563263557 1.2000693237877587 2.1487427956587917
0.966898560767264 1.2366679816861048 2.2323745978300966
0.9417565588702507 1.2718228060947403 2.283487914636041
0.9130778782649325 1.3067528673718822 2.3155573047915112
0.882829420108091 1.340642685636421 2.3415726753854855
0.8518396700289949 1.373397664382622 2.372865427354187
0.806518398045034 1.4186413056968008 2.4305456470491715
0.7740408517614296 1.4482925083441722 2.476754700163264
0.7405355069080248 1.4758315020042134 2.524306060611582
0.7008548236956023 1.5054372039083386 2.5769241093199895
0.663432388397692 1.530544123770719 2.621263218805598
0.6256247677271559 1.5533324333271208 2.6626249432451643
0.5868289700843247 1.5745110910426026 2.70446818324931
0.5477683777674685 1.5937698333926853 2.7465973214649058
0.507671180064451 1.6114872736005774 2.7901508397760297
0.46425615991695235 1.6284892300153007 2.836404903036232
0.4226908210633725 1.6426462911603017 2.8796554642651087
0.37813794036964965 1.6556293791039736 2.9247773505994563
0.3353243801455687 1.6660797666659766 2.9676792945087356
0.29236504107024214 1.674581480969774 3.0114842122382726
0.2473569044520102 1.6814737464106697 3.0561313640819665
0.20267303602928533 1.686310201059077 3.099515340451182
0.15839877532172542 1.6891368099984754 3.142532926986055
0.11333961503613171 1.6900643070522139 3.185595304410196
0.06311279401308832 1.688935130969956 3.234857224386225
0.019087476729551772 1.685907807610105 3.277456262849832
-0.024550008802415015 1.6808851613263631 3.318207270658615
-0.06823339778942107 1.6740040250127042 3.359328681655241
-0.11188828249860563 1.6652863125799808 3.4014985926401518
-0.15440548447228308 1.6549319876731048 3.442976076748215
-0.1964278476646083 1.6428181157504957 3.4838094779946727
-0.2402200551870045 1.628218878596098 3.5270597045126215
-0.28163504114615945 1.6124479408493118 3.5681255691185876
-0.3223396240111015 1.594949125129396 3.6074301416589987
-0.3650375011968894 1.5745233251557913 3.647194122160161
-0.404610918216573 1.5536324274608924 3.6858558129851438
-0.4426501624398815 1.5316036259103363 3.725874761654067
-0.4811662018854783 1.507225832789172 3.767077183816971
-0.5194545005709776 1.480753291139049 3.8059413879934882
-0.5559483223156936 1.4533005228752043 3.841212266990203
-0.5906259285242833 1.425144682495918 3.8749014430167734
-0.6358661271898943 1.3857465490234195 3.9201199064291683
-0.6695747943603308 1.3539685709097269 3.954185149778666
-0.7006790415978985 1.3222284716134587 3.9847620959477323
-0.7301780018887164 1.2901320842709272 4.000520842520034
-0.7582406929637906 1.2581442192870422 3.980606770465335
-0.782618460467531 1.2304171461875182 3.9379393413440127
-0.8055828645137103 1.2058473945329684 3.9175851980343293
-0.825832160544288 1.1855398003394315 3.948984130424837
-0.8438033527084359 1.167364107193028 4.002243410067087
-0.8592635125092447 1.1503620147210407 4.014371974066679
-0.8725130285154623 1.1347748305925698 3.9606261097369915
-0.884208118315916 1.1215095816902305 3.893321829953646
-0.8958750012753648 1.1097798912457064 3.898342293416497
-0.905405281187393 1.1008277343433446 3.9817013035335242
-0.9140944049723929 1.0919129827912832 4.04749336093338
-0.9223749491504576 1.0820440017567694 4.008801049619355
-0.929182588718185 1.0736631546292548 3.9038663527730515
-0.9349961352498449 1.06740207328721 3.844253099352504
-0.940592551237557 1.0623677602905293 3.9078945617180625
-0.9460836647401256 1.0574031214900776 4.031899372902511
-0.9514601253612037 1.0515009040811516 4.0785953485926045
-0.9565942431863601 1.0448622454500605 3.9800677751837643
-0.9607329080106934 1.0396884395773063 3.8416735653792107
-0.9642152654558069 1.0362650568983858 3.812316840468611
-0.9675155004253893 1.033564480180168 3.927659521643194
